Function signatures

Function: run_mcmc 
function (dat, settings, priors, spatial, constants, verbose = 1000L) 
NULL

Function: run_one_iteration 
function (state, dat, settings, priors, spatial, constants) 
NULL

Function: initialise_state 
function (dat, settings, priors, spatial, constants) 
NULL

Function: compute_xi_mcmc 
function (e, x1, x2, beta0, beta, phi) 
NULL

Function: compute_loglik 
function (y_coarse, xi, lambda_tilde, kappa) 
NULL

Function: update_beta 
function (beta_current, y_coarse, e, x1, x2, kappa, lambda_tilde, 
    phi, priors) 
NULL

Function: update_phi 
function (u_current, B, R_BHB, tau_phi, y_coarse, e, x1, x2, 
    beta0, beta, kappa, lambda_tilde) 
NULL

Function: update_kappa 
function (y_coarse, lambda_tilde, xi, r) 
NULL

Function: ffbs_lambda_all 
function (gamma, y_coarse, xi, kappa, a0, b0) 
NULL

Function: smooth_omega_all 
function (delta, y_fine, c0) 
NULL

MCMC_SETTINGS
$n_iter
[1] 20000

$n_burnin
[1] 10000

$n_thin
[1] 5

$mh_sd_gamma
[1] 0.3

$mh_sd_delta
[1] 0.3

$mh_sd_log_r
[1] 0.5

$include_nb
[1] TRUE

$include_icar
[1] TRUE

$include_covariates
[1] TRUE


MCMC_PRIORS
$beta0_mean
[1] 0

$beta0_sd
[1] 10

$beta_mean
[1] 0 0

$beta_sd
[1] 5 5

$tau_phi_shape
[1] 1

$tau_phi_rate
[1] 0.01

$r_shape
[1] 1

$r_rate
[1] 0.1

$gamma_a
[1] 5

$gamma_b
[1] 1

$delta_a
[1] 5

$delta_b
[1] 1


Candidate dat structure
List of 11
 $ y_coarse       : int [1:100, 1:9] 192 159 144 179 247 196 240 156 171 98 ...
 $ y_fine         : int [1:100, 1:9, 1:3] 105 75 70 84 112 87 108 66 77 49 ...
 $ e              : num [1:100, 1:9] 487 486 496 491 501 ...
 $ x1             : num [1:100, 1:9] 0.267 1.106 0.951 0.758 0.834 ...
 $ x2             : num [1:100, 1:9] -1.584 -1.152 -0.582 -0.709 -1.728 ...
 $ H              : num [1:9, 1:9] 3 -1 0 -1 -1 0 0 0 0 -1 ...
 $ B_ICAR         : num [1:9, 1:8] -0.118 -0.118 -0.118 -0.118 0.943 ...
 $ TT             : int 100
 $ n1             : int 9
 $ n_children     : int 3
 $ xi_truth_or_raw: num [1:100, 1:9] 231 295 222 210 334 ...

compute_xi_mcmc result
            [,1]      [,2]      [,3]      [,4]      [,5]      [,6]      [,7]      [,8]      [,9]
  [1,] 171.66470 225.79948 187.91705 125.49295  31.34275 227.80189 408.06733 401.31900 172.50305
  [2,] 218.97853 308.63562  69.49351 167.58111  30.11140  52.53934 150.62948 499.82404 225.08990
  [3,] 164.70870 129.80787 106.30008 144.48662  61.63112 148.68691 188.45504 528.58277 205.08365
  [4,] 155.89242 187.35388 119.89083  96.75634  58.64436 289.83246 294.40229 504.63922 486.25480
  [5,] 248.20581 219.10044  71.34071 100.01356  22.52952 505.15725 186.29746 234.81540 454.69962
  [6,] 170.22326 205.51362  64.10589 105.93929  18.41181 485.15394  54.32151 296.97130 652.74470
  [7,] 224.03800  61.22334  59.85601  76.01565  21.70201 265.10370 135.06776 278.37836 725.33368
  [8,] 187.66791  50.41875  92.53364  82.35264  25.31745 201.32879  86.67540 380.05846 452.54155
  [9,] 126.04577  76.53047  67.52356 142.12175  64.94556 280.89908 170.69164 365.74135 238.08348
 [10,] 103.94557  80.33358  83.38486 197.25098  80.96564 118.60614 215.84363 271.74798 122.67306
 [11,]  44.94703  93.14774  31.71181 135.40102  76.67787 128.60108 269.41670 195.68161 237.53046
 [12,]  24.85017  39.62187  25.82472 148.69535  52.07017  94.14929 501.11519 268.49593 483.87386
 [13,]  28.43595  49.65978  74.34321 111.81835 102.45678 102.33581 430.21362 189.74331 199.48384
 [14,]  63.06000  64.52402 171.41197  89.79488  57.17166 136.52677 805.14524 114.18192 210.49268
 [15,] 131.70378  77.81286 266.58055 207.93227  87.09243 213.52370 878.78075 264.71497 106.71689
 [16,]  93.29344  28.24981 192.85875 407.37488 156.29051  93.00232 835.22031 452.75649 297.45042
 [17,]  86.25289  59.13799  78.75657 206.46628  61.87836  49.37752 408.85508 300.20063 239.66616
 [18,]  62.58497  23.24599 114.49927 481.74266  54.03679  78.05913 334.49420 171.16933 771.23335
 [19,]  91.52709  33.30308  60.99107 226.13665  58.76549 186.39792 206.06526 302.92505 356.42577
 [20,] 122.38440  31.37313  85.80494 209.84123  37.80762 180.97353 185.82812 171.38603 308.09231
 [21,] 112.82318  49.04901  50.08133 111.11313  28.80830 184.52214 233.31301  81.65920 212.54858
 [22,] 138.14665 145.63353  81.52992 142.71624  19.71703 137.86177 149.36912 200.38285 490.97019
 [23,] 111.75785 114.86075 109.47092 138.66039  26.00226 209.78294 113.77384 480.05105 338.39176
 [24,]  46.72108 110.20737 188.06945 154.52468  27.55464 487.19603 317.57347 393.10408 115.13076
 [25,] 185.86195  78.16876 109.94030  82.11845  42.66365 374.31686 242.99263 435.93306 191.98359
 [26,] 142.25516 176.94013 170.90472 325.70112  34.77447 124.53005 292.18931 461.34850 507.36855
 [27,] 148.36880 434.94537 100.72765 119.91005  21.61906 114.77565 218.54408 415.72838 396.57574
 [28,] 112.92311 250.77945 136.00707 110.81889  40.80559  84.52011 436.53060 449.83334 237.80810
 [29,]  52.02524 125.92761 114.30949  70.05580  23.66637 122.89578 221.39843 643.84883 285.45379
 [30,]  41.51481  94.50545 108.05491  88.54304  16.57392 123.64507 361.33479 599.03552 303.10790
 [31,]  65.17507  72.78194 134.03866 145.39381  26.39968  51.79899 336.49755 217.88932 204.60809
 [32,] 119.95737 119.20955 102.13869 142.04092  17.21909  75.21394 321.62544 267.00715 286.96446
 [33,] 115.55881  84.60702  55.08033 183.79870  59.25946 143.93269 283.81061 211.87848 472.60556
 [34,] 179.81789  38.57493  66.32918  79.25156  55.72703  73.23961 159.62546 284.39912 478.55118
 [35,] 142.37568  41.21463  57.29957 105.74764  98.77455  82.97729 283.32837 182.76209 397.79137
 [36,] 217.52615  41.86219  62.58828 171.03936 105.27530 216.09870 361.50613 147.14146 446.79513
 [37,] 221.26369  48.81926  91.78467 223.15673  45.76620 294.14758 226.28063 217.71968 276.62424
 [38,] 253.23708  52.81866 195.67050 119.02930  40.79174 135.93564 232.36925 406.65848 238.98483
 [39,] 137.86503  26.15378 105.79968  59.88294  31.42449 155.27610 239.33521  94.76189 227.97071
 [40,]  94.99573  71.24657 204.58345 157.68520  32.52926 246.99089 371.57607 171.64184  98.68128
 [41,]  55.87951  98.57589  91.19867 128.08034  24.80763 195.53538  96.53525 205.57822 257.13209
 [42,]  51.85481  57.98306 205.39836 191.96546  27.11773 119.12368 289.60311 141.75922 149.77221
 [43,]  43.74895  71.80504 123.32524 105.73859  49.06498 360.17396  97.32682  78.35347 185.62765
 [44,]  55.84682  63.00903 262.99127 190.23330  46.31641 258.37757  65.39995 159.10246 253.81147
 [45,]  96.90283 121.50706 169.92533  60.32156  18.17987 144.73572  36.42877 696.76482  72.75929
 [46,]  58.45879  84.90479 191.60172  98.82463  25.02395  96.02066  26.14936 357.19502 129.55301
 [47,]  34.59636  31.75695 286.69279 107.50324  14.03533 225.80514  25.10853  89.61166 131.18590
 [48,] 136.92805  91.87057  86.14717  62.42104  20.03851 243.41557  37.64820 209.52387 170.26037
 [49,] 154.32291 259.68155 120.39271  68.35191  13.73589 204.23696  39.47929 121.25673 275.87136
 [50,] 204.63489 274.25587  72.85873  40.18241  59.05652 105.92792  37.40810 149.01283 611.38351
 [51,] 113.23559 206.63760 184.58431  69.19084  42.31688  93.85537  41.79842 248.69805 708.18945
 [52,]  99.48642 142.55860 132.90839  49.27739  66.78501 309.69605  39.44017 273.23351 618.47100
 [53,]  52.94610 137.92800 148.80827  33.15921  78.06741 119.13458  52.30956 297.28244 727.07822
 [54,]  52.14807  64.09823 224.30343  26.38713  43.19751 186.13682  89.13277 300.64317 786.65712
 [55,]  61.61869  53.88189 314.19450  27.07183  40.51782 170.33675  83.91656 284.62879 403.23321
 [56,] 115.38864  32.37374 273.91272  46.76786  30.04661 201.59485 101.96911 352.87439 340.61487
 [57,]  98.22205  36.38046 221.28007  57.07186  37.30897 108.54301 150.58662 656.50979 143.57987
 [58,] 135.38534  17.09773 176.97758  20.39267  32.27932  90.01036 132.53415 178.81691 284.16810
 [59,]  35.33878  28.83802 120.52234  13.13706  23.35427  90.07885  82.30568  86.31830 353.08008
 [60,]  36.70363  18.83432  77.23015  28.88349  88.93080  77.02348 150.15252  82.37182 217.74653
 [61,]  44.95897  39.68364  55.95239  55.21399  98.80416  91.82929 127.97618 104.46437 149.93771
 [62,]  33.41218  61.91114  64.34119 139.20732  57.83881 161.61771 397.40846 199.44144 153.22501
 [63,]  90.61942  96.11697 118.60789  49.65296  59.58617 107.90137 355.54571 149.27484 104.50815
 [64,]  79.02329  93.36206  66.64438  80.13475  30.50672  34.65764 124.71432  92.90346 291.00039
 [65,] 102.62666  96.90683  91.67768 112.14342  30.98327 107.29556 128.61461  92.96297 409.54478
 [66,]  87.34484 169.76750 100.15548 109.46461  70.46735  87.40926 188.57401  75.32519 284.60887
 [67,]  55.27731 142.70699 165.75208 108.00107 151.82363 264.27092 175.56077 174.03382 166.63732
 [68,]  66.98480 185.74487 135.75654  43.26118  88.80323 301.61129 260.22146 309.67197 146.45885
 [69,] 116.00665  93.58955 320.77351  78.64319  78.36553 357.73228 203.06516 100.14293 356.23260
 [70,]  50.02450  44.56216 593.39200  82.30083  39.59723 175.58501 128.42343 456.08687 274.49716
 [71,]  65.77744 100.32403 246.31771 157.41771  45.53122 200.30799 114.93984 189.07672  85.89484
 [72,] 147.34379  58.70970 358.22544 149.68436  48.74267 208.11460 218.99608 166.49020 212.52983
 [73,] 123.70582  86.47699 210.50668 165.78043 116.31915 185.96476 105.11162 110.53251 123.96385
 [74,] 136.51116 101.08113 188.98639 127.22402  76.69793 528.31118  73.92653 148.19798 255.05056
 [75,]  95.28076  92.09985 171.41832 106.39951  71.71252 454.61790 107.92715  85.77080 220.27278
 [76,] 125.30245 143.62330 171.85003  94.52389  31.02594 432.65976 150.85608 102.84668 186.05961
 [77,]  74.30596 120.98682 193.19592  99.90573  29.01143 119.12906 269.87677  98.66161 191.38405
 [78,]  57.79856 337.21157 189.84140  95.19739  39.90732 145.70943 189.46675 230.42419 242.08360
 [79,]  62.24296 161.00137 241.91179 107.21452  30.03138 107.61062 197.72636 168.12820 131.18031
 [80,] 115.69250 106.11072 291.58228  95.83752  78.56216 195.24456  92.38971 142.56291 355.42975
 [81,]  88.18991  55.69354 479.42088  55.15771  84.07106  74.62778  76.41146 218.03802 514.16879
 [82,]  92.69584  57.23602 355.80009  62.78439  58.66494 116.84463 117.17093 316.97287 552.81449
 [83,] 160.71285  36.49613 360.70228  42.16749  73.28303 157.99184 297.18339 236.28343 382.03869
 [84,] 164.93742  83.66342 420.73566  88.93205 121.63376 204.14908 413.84808 378.95265 652.43753
 [85,] 115.19086  97.33096 167.78187 107.09813 168.92199 212.27424 523.45611 234.65599 589.45078
 [86,] 111.66108 154.36900 282.59173 104.95631 303.73405 112.87644 186.83014 148.70836 769.37461
 [87,]  53.50361 152.80190 175.10861  61.39112 186.55844  88.58277  95.47407  66.41490 635.83807
 [88,] 103.20775 115.43301 322.93862  30.84467 145.93604 141.72229 156.63761  78.65587 279.16174
 [89,]  69.16844 188.24909 162.57800  30.63243  81.50775 234.95990 222.08097 118.81563 202.37646
 [90,] 112.18176 121.91274 285.34681  80.55333  62.22791  73.88302 166.26530  73.82407 138.76594
 [91,]  56.81226  51.40671 187.26797  56.10822  95.08170 105.09309  96.12687 126.71938 252.64267
 [92,] 141.23340  78.41419 119.28822 103.96119  76.41765 105.95544 152.45121  87.95070 383.03865
 [93,] 119.21524  55.52208  96.45998 102.97685  39.19007 154.80449 194.30105  66.52285 396.43547
 [94,] 112.20941  48.33396  76.29503  91.83610  49.14097 222.80322 159.26586 100.75775 406.61520
 [95,] 161.38563  62.64558  70.50899  74.08769  65.17905 438.40620  93.15025 125.61539 222.84148
 [96,] 130.29430 136.18349 150.27975  53.47220  62.16696 259.58532  71.24822 390.94446 140.56564
 [97,]  97.86006  79.19988  47.74999  73.30839  69.89718 172.37196 140.67583 205.62574 180.54794
 [98,] 123.41862  72.42239  33.18702  88.88299 117.66756 223.20097 140.21193 336.51540 355.15100
 [99,]  59.72375 264.09283  85.94680  62.09369 177.34628 104.27219 139.43865 208.42700 187.87842
[100,]  80.10345 261.60395  99.44990 127.24690 165.71781 125.25015 119.32852  96.78509 504.25670

initialise_state result
$beta0
[1] 0

$beta
[1] 0 0

$phi
[1] 0 0 0 0 0 0 0 0 0

$u
[1] 0 0 0 0 0 0 0 0

$tau_phi
[1] 1

$r
[1] 1 1 1 1 1 1 1 1 1

$kappa
       [,1] [,2] [,3] [,4] [,5] [,6] [,7] [,8] [,9]
  [1,]    1    1    1    1    1    1    1    1    1
  [2,]    1    1    1    1    1    1    1    1    1
  [3,]    1    1    1    1    1    1    1    1    1
  [4,]    1    1    1    1    1    1    1    1    1
  [5,]    1    1    1    1    1    1    1    1    1
  [6,]    1    1    1    1    1    1    1    1    1
  [7,]    1    1    1    1    1    1    1    1    1
  [8,]    1    1    1    1    1    1    1    1    1
  [9,]    1    1    1    1    1    1    1    1    1
 [10,]    1    1    1    1    1    1    1    1    1
 [11,]    1    1    1    1    1    1    1    1    1
 [12,]    1    1    1    1    1    1    1    1    1
 [13,]    1    1    1    1    1    1    1    1    1
 [14,]    1    1    1    1    1    1    1    1    1
 [15,]    1    1    1    1    1    1    1    1    1
 [16,]    1    1    1    1    1    1    1    1    1
 [17,]    1    1    1    1    1    1    1    1    1
 [18,]    1    1    1    1    1    1    1    1    1
 [19,]    1    1    1    1    1    1    1    1    1
 [20,]    1    1    1    1    1    1    1    1    1
 [21,]    1    1    1    1    1    1    1    1    1
 [22,]    1    1    1    1    1    1    1    1    1
 [23,]    1    1    1    1    1    1    1    1    1
 [24,]    1    1    1    1    1    1    1    1    1
 [25,]    1    1    1    1    1    1    1    1    1
 [26,]    1    1    1    1    1    1    1    1    1
 [27,]    1    1    1    1    1    1    1    1    1
 [28,]    1    1    1    1    1    1    1    1    1
 [29,]    1    1    1    1    1    1    1    1    1
 [30,]    1    1    1    1    1    1    1    1    1
 [31,]    1    1    1    1    1    1    1    1    1
 [32,]    1    1    1    1    1    1    1    1    1
 [33,]    1    1    1    1    1    1    1    1    1
 [34,]    1    1    1    1    1    1    1    1    1
 [35,]    1    1    1    1    1    1    1    1    1
 [36,]    1    1    1    1    1    1    1    1    1
 [37,]    1    1    1    1    1    1    1    1    1
 [38,]    1    1    1    1    1    1    1    1    1
 [39,]    1    1    1    1    1    1    1    1    1
 [40,]    1    1    1    1    1    1    1    1    1
 [41,]    1    1    1    1    1    1    1    1    1
 [42,]    1    1    1    1    1    1    1    1    1
 [43,]    1    1    1    1    1    1    1    1    1
 [44,]    1    1    1    1    1    1    1    1    1
 [45,]    1    1    1    1    1    1    1    1    1
 [46,]    1    1    1    1    1    1    1    1    1
 [47,]    1    1    1    1    1    1    1    1    1
 [48,]    1    1    1    1    1    1    1    1    1
 [49,]    1    1    1    1    1    1    1    1    1
 [50,]    1    1    1    1    1    1    1    1    1
 [51,]    1    1    1    1    1    1    1    1    1
 [52,]    1    1    1    1    1    1    1    1    1
 [53,]    1    1    1    1    1    1    1    1    1
 [54,]    1    1    1    1    1    1    1    1    1
 [55,]    1    1    1    1    1    1    1    1    1
 [56,]    1    1    1    1    1    1    1    1    1
 [57,]    1    1    1    1    1    1    1    1    1
 [58,]    1    1    1    1    1    1    1    1    1
 [59,]    1    1    1    1    1    1    1    1    1
 [60,]    1    1    1    1    1    1    1    1    1
 [61,]    1    1    1    1    1    1    1    1    1
 [62,]    1    1    1    1    1    1    1    1    1
 [63,]    1    1    1    1    1    1    1    1    1
 [64,]    1    1    1    1    1    1    1    1    1
 [65,]    1    1    1    1    1    1    1    1    1
 [66,]    1    1    1    1    1    1    1    1    1
 [67,]    1    1    1    1    1    1    1    1    1
 [68,]    1    1    1    1    1    1    1    1    1
 [69,]    1    1    1    1    1    1    1    1    1
 [70,]    1    1    1    1    1    1    1    1    1
 [71,]    1    1    1    1    1    1    1    1    1
 [72,]    1    1    1    1    1    1    1    1    1
 [73,]    1    1    1    1    1    1    1    1    1
 [74,]    1    1    1    1    1    1    1    1    1
 [75,]    1    1    1    1    1    1    1    1    1
 [76,]    1    1    1    1    1    1    1    1    1
 [77,]    1    1    1    1    1    1    1    1    1
 [78,]    1    1    1    1    1    1    1    1    1
 [79,]    1    1    1    1    1    1    1    1    1
 [80,]    1    1    1    1    1    1    1    1    1
 [81,]    1    1    1    1    1    1    1    1    1
 [82,]    1    1    1    1    1    1    1    1    1
 [83,]    1    1    1    1    1    1    1    1    1
 [84,]    1    1    1    1    1    1    1    1    1
 [85,]    1    1    1    1    1    1    1    1    1
 [86,]    1    1    1    1    1    1    1    1    1
 [87,]    1    1    1    1    1    1    1    1    1
 [88,]    1    1    1    1    1    1    1    1    1
 [89,]    1    1    1    1    1    1    1    1    1
 [90,]    1    1    1    1    1    1    1    1    1
 [91,]    1    1    1    1    1    1    1    1    1
 [92,]    1    1    1    1    1    1    1    1    1
 [93,]    1    1    1    1    1    1    1    1    1
 [94,]    1    1    1    1    1    1    1    1    1
 [95,]    1    1    1    1    1    1    1    1    1
 [96,]    1    1    1    1    1    1    1    1    1
 [97,]    1    1    1    1    1    1    1    1    1
 [98,]    1    1    1    1    1    1    1    1    1
 [99,]    1    1    1    1    1    1    1    1    1
[100,]    1    1    1    1    1    1    1    1    1

$gamma
[1] 0.9 0.9 0.9 0.9 0.9 0.9 0.9 0.9 0.9

$delta
[1] 0.9

$lambda_tilde
       [,1] [,2] [,3] [,4] [,5] [,6] [,7] [,8] [,9]
  [1,]    1    1    1    1    1    1    1    1    1
  [2,]    1    1    1    1    1    1    1    1    1
  [3,]    1    1    1    1    1    1    1    1    1
  [4,]    1    1    1    1    1    1    1    1    1
  [5,]    1    1    1    1    1    1    1    1    1
  [6,]    1    1    1    1    1    1    1    1    1
  [7,]    1    1    1    1    1    1    1    1    1
  [8,]    1    1    1    1    1    1    1    1    1
  [9,]    1    1    1    1    1    1    1    1    1
 [10,]    1    1    1    1    1    1    1    1    1
 [11,]    1    1    1    1    1    1    1    1    1
 [12,]    1    1    1    1    1    1    1    1    1
 [13,]    1    1    1    1    1    1    1    1    1
 [14,]    1    1    1    1    1    1    1    1    1
 [15,]    1    1    1    1    1    1    1    1    1
 [16,]    1    1    1    1    1    1    1    1    1
 [17,]    1    1    1    1    1    1    1    1    1
 [18,]    1    1    1    1    1    1    1    1    1
 [19,]    1    1    1    1    1    1    1    1    1
 [20,]    1    1    1    1    1    1    1    1    1
 [21,]    1    1    1    1    1    1    1    1    1
 [22,]    1    1    1    1    1    1    1    1    1
 [23,]    1    1    1    1    1    1    1    1    1
 [24,]    1    1    1    1    1    1    1    1    1
 [25,]    1    1    1    1    1    1    1    1    1
 [26,]    1    1    1    1    1    1    1    1    1
 [27,]    1    1    1    1    1    1    1    1    1
 [28,]    1    1    1    1    1    1    1    1    1
 [29,]    1    1    1    1    1    1    1    1    1
 [30,]    1    1    1    1    1    1    1    1    1
 [31,]    1    1    1    1    1    1    1    1    1
 [32,]    1    1    1    1    1    1    1    1    1
 [33,]    1    1    1    1    1    1    1    1    1
 [34,]    1    1    1    1    1    1    1    1    1
 [35,]    1    1    1    1    1    1    1    1    1
 [36,]    1    1    1    1    1    1    1    1    1
 [37,]    1    1    1    1    1    1    1    1    1
 [38,]    1    1    1    1    1    1    1    1    1
 [39,]    1    1    1    1    1    1    1    1    1
 [40,]    1    1    1    1    1    1    1    1    1
 [41,]    1    1    1    1    1    1    1    1    1
 [42,]    1    1    1    1    1    1    1    1    1
 [43,]    1    1    1    1    1    1    1    1    1
 [44,]    1    1    1    1    1    1    1    1    1
 [45,]    1    1    1    1    1    1    1    1    1
 [46,]    1    1    1    1    1    1    1    1    1
 [47,]    1    1    1    1    1    1    1    1    1
 [48,]    1    1    1    1    1    1    1    1    1
 [49,]    1    1    1    1    1    1    1    1    1
 [50,]    1    1    1    1    1    1    1    1    1
 [51,]    1    1    1    1    1    1    1    1    1
 [52,]    1    1    1    1    1    1    1    1    1
 [53,]    1    1    1    1    1    1    1    1    1
 [54,]    1    1    1    1    1    1    1    1    1
 [55,]    1    1    1    1    1    1    1    1    1
 [56,]    1    1    1    1    1    1    1    1    1
 [57,]    1    1    1    1    1    1    1    1    1
 [58,]    1    1    1    1    1    1    1    1    1
 [59,]    1    1    1    1    1    1    1    1    1
 [60,]    1    1    1    1    1    1    1    1    1
 [61,]    1    1    1    1    1    1    1    1    1
 [62,]    1    1    1    1    1    1    1    1    1
 [63,]    1    1    1    1    1    1    1    1    1
 [64,]    1    1    1    1    1    1    1    1    1
 [65,]    1    1    1    1    1    1    1    1    1
 [66,]    1    1    1    1    1    1    1    1    1
 [67,]    1    1    1    1    1    1    1    1    1
 [68,]    1    1    1    1    1    1    1    1    1
 [69,]    1    1    1    1    1    1    1    1    1
 [70,]    1    1    1    1    1    1    1    1    1
 [71,]    1    1    1    1    1    1    1    1    1
 [72,]    1    1    1    1    1    1    1    1    1
 [73,]    1    1    1    1    1    1    1    1    1
 [74,]    1    1    1    1    1    1    1    1    1
 [75,]    1    1    1    1    1    1    1    1    1
 [76,]    1    1    1    1    1    1    1    1    1
 [77,]    1    1    1    1    1    1    1    1    1
 [78,]    1    1    1    1    1    1    1    1    1
 [79,]    1    1    1    1    1    1    1    1    1
 [80,]    1    1    1    1    1    1    1    1    1
 [81,]    1    1    1    1    1    1    1    1    1
 [82,]    1    1    1    1    1    1    1    1    1
 [83,]    1    1    1    1    1    1    1    1    1
 [84,]    1    1    1    1    1    1    1    1    1
 [85,]    1    1    1    1    1    1    1    1    1
 [86,]    1    1    1    1    1    1    1    1    1
 [87,]    1    1    1    1    1    1    1    1    1
 [88,]    1    1    1    1    1    1    1    1    1
 [89,]    1    1    1    1    1    1    1    1    1
 [90,]    1    1    1    1    1    1    1    1    1
 [91,]    1    1    1    1    1    1    1    1    1
 [92,]    1    1    1    1    1    1    1    1    1
 [93,]    1    1    1    1    1    1    1    1    1
 [94,]    1    1    1    1    1    1    1    1    1
 [95,]    1    1    1    1    1    1    1    1    1
 [96,]    1    1    1    1    1    1    1    1    1
 [97,]    1    1    1    1    1    1    1    1    1
 [98,]    1    1    1    1    1    1    1    1    1
 [99,]    1    1    1    1    1    1    1    1    1
[100,]    1    1    1    1    1    1    1    1    1

$omega
, , 1

            [,1]      [,2]      [,3]      [,4]      [,5]      [,6]      [,7]      [,8]      [,9]
  [1,] 0.5465419 0.5194069 0.5363790 0.4565778 0.5741445 0.5136385 0.4923051 0.4769309 0.5580039
  [2,] 0.4714375 0.5567169 0.3819242 0.5155897 0.5463259 0.5802469 0.5375086 0.4901744 0.5023772
  [3,] 0.4857935 0.4881021 0.5135135 0.5275883 0.4681182 0.3953998 0.5028249 0.4713546 0.4467051
  [4,] 0.4690463 0.5032775 0.6093144 0.4888653 0.5897436 0.5596982 0.4846388 0.5309390 0.5095797
  [5,] 0.4532956 0.5157759 0.5262206 0.5098650 0.5235732 0.5075774 0.4856176 0.4648755 0.4479083
  [6,] 0.4437086 0.4765776 0.5164835 0.5371590 0.3333333 0.4924676 0.5421166 0.4929867 0.4990635
  [7,] 0.4498543 0.5182850 0.4799235 0.4747145 0.4534535 0.4642688 0.3785092 0.4696228 0.5035136
  [8,] 0.4229047 0.4738617 0.4610473 0.4099617 0.4878587 0.5126991 0.4439179 0.5123322 0.5180848
  [9,] 0.4500876 0.5209235 0.5786436 0.4954658 0.5834411 0.4872052 0.5151722 0.5319301 0.4843804
 [10,] 0.4994914 0.4913112 0.5063114 0.4791581 0.4246575 0.4482759 0.4854969 0.5347308 0.5444947
 [11,] 0.3763189 0.5534214 0.4725849 0.5551448 0.5362142 0.4893324 0.5422553 0.4491472 0.4827193
 [12,] 0.3699634 0.5741445 0.4529148 0.4936861 0.4188034 0.5143139 0.5152720 0.5467671 0.4910309
 [13,] 0.4799235 0.4584450 0.4904014 0.4686673 0.4668261 0.4826712 0.4734757 0.5056747 0.4967513
 [14,] 0.4560907 0.4214619 0.5232619 0.5719202 0.5094716 0.5309973 0.4923051 0.5204435 0.5138954
 [15,] 0.5162374 0.3826638 0.4768074 0.4980448 0.4519573 0.5074342 0.5095354 0.5018197 0.5875943
 [16,] 0.4406913 0.6416185 0.4916865 0.5495446 0.5096311 0.5224586 0.4731935 0.4887594 0.4821034
 [17,] 0.4808702 0.4214619 0.3605220 0.5354050 0.5834156 0.3933934 0.4771638 0.4830387 0.4838251
 [18,] 0.4989648 0.5680751 0.5287222 0.4912841 0.5743520 0.5581788 0.5015884 0.5037720 0.5020271
 [19,] 0.5107169 0.4709193 0.5055351 0.4242600 0.4611697 0.5107169 0.4700486 0.4984432 0.5097651
 [20,] 0.4737389 0.4975369 0.4825871 0.4448711 0.5388740 0.5115949 0.5285646 0.5294118 0.4706331
 [21,] 0.5376756 0.4464752 0.4866828 0.4791524 0.4402332 0.5130358 0.4674064 0.4468775 0.5040356
 [22,] 0.4950542 0.5091083 0.4872979 0.5699933 0.3183857 0.4824501 0.5759209 0.5434910 0.4919512
 [23,] 0.5519126 0.5306334 0.5244519 0.4462730 0.4277620 0.5349568 0.5865504 0.4732401 0.4663418
 [24,] 0.5197817 0.4695912 0.5181762 0.4903047 0.3126935 0.4846171 0.5101186 0.5441915 0.5225049
 [25,] 0.4543882 0.2984293 0.4540750 0.4747145 0.4990060 0.4830046 0.4962147 0.5245351 0.4798402
 [26,] 0.4854535 0.4021871 0.4663710 0.5260817 0.4672304 0.5980991 0.4549299 0.4817747 0.4807535
 [27,] 0.5141800 0.4719206 0.4611172 0.5886674 0.4129693 0.5397039 0.4491472 0.5344015 0.5227620
 [28,] 0.5339639 0.4488785 0.4836286 0.5844471 0.5313531 0.5308953 0.4730685 0.5050824 0.5369558
 [29,] 0.3996683 0.4642497 0.4639359 0.5511608 0.5531136 0.4890966 0.5517421 0.4837943 0.5417290
 [30,] 0.6036036 0.4152652 0.5538184 0.5277383 0.4682081 0.4634852 0.5562388 0.4793870 0.5180139
 [31,] 0.4862385 0.4787124 0.4203169 0.4377576 0.4852547 0.3540373 0.5117321 0.4851772 0.5142976
 [32,] 0.4371108 0.5052755 0.4181344 0.4919417 0.4959350 0.4439179 0.5014740 0.4466638 0.5582360
 [33,] 0.5444658 0.5047219 0.5162950 0.5211268 0.5359116 0.4435434 0.5735381 0.4268753 0.5291173
 [34,] 0.5117258 0.5741445 0.4744707 0.5321528 0.5925350 0.4892788 0.5060013 0.5081830 0.4848810
 [35,] 0.4757835 0.4272300 0.5054022 0.5743520 0.5573581 0.5246727 0.4798828 0.4797490 0.4751773
 [36,] 0.5219310 0.5643564 0.4652115 0.5224050 0.4882387 0.5470310 0.4886321 0.5034803 0.4479901
 [37,] 0.5353113 0.5537190 0.4991708 0.4974689 0.4502924 0.4301167 0.5392028 0.5121709 0.5178479
 [38,] 0.4767153 0.5440181 0.5133288 0.5106967 0.6027714 0.4820904 0.4922228 0.5033892 0.5057821
 [39,] 0.5178479 0.6213992 0.4207765 0.5982340 0.5261708 0.5071807 0.5340186 0.4653465 0.5147279
 [40,] 0.4826712 0.5229068 0.4740574 0.5310183 0.4852547 0.4691279 0.4998378 0.5304501 0.5511192
 [41,] 0.5272045 0.4915773 0.4646582 0.4513844 0.4426230 0.4934498 0.4888438 0.4869149 0.4388394
 [42,] 0.4161491 0.5364042 0.5060593 0.5281945 0.4715026 0.4173056 0.5399019 0.5524920 0.4505315
 [43,] 0.5977337 0.4806630 0.4823732 0.4344529 0.4791252 0.5483109 0.5440784 0.4690799 0.4794965
 [44,] 0.4990792 0.5047219 0.4870106 0.5246272 0.4852547 0.5425583 0.5940803 0.5589672 0.5140644
 [45,] 0.5149655 0.5761107 0.5407136 0.5334243 0.4513274 0.5650041 0.6303630 0.4727814 0.5143288
 [46,] 0.4858681 0.4994808 0.5242291 0.5975067 0.5260116 0.5300102 0.4365325 0.4791581 0.6399065
 [47,] 0.5643564 0.5294118 0.4763948 0.4388314 0.5260116 0.4682510 0.4534535 0.4878587 0.5880933
 [48,] 0.5679374 0.5504470 0.5360908 0.5054022 0.3678756 0.5087096 0.4316354 0.4976221 0.4601665
 [49,] 0.4239415 0.5199283 0.4681042 0.5705813 0.4939759 0.5596508 0.5694051 0.5326689 0.5110777
 [50,] 0.4678066 0.4796238 0.4875445 0.5413153 0.4085779 0.5569285 0.4980989 0.4726688 0.5124028
 [51,] 0.5361414 0.4794336 0.4303627 0.5078534 0.4351145 0.4702431 0.4482759 0.5473617 0.4836611
 [52,] 0.4995626 0.5258093 0.4803286 0.5174954 0.5066865 0.4951456 0.6095764 0.4854672 0.4879883
 [53,] 0.5229068 0.5039029 0.4793910 0.6121673 0.5277383 0.5750179 0.3689205 0.5236283 0.5200371
 [54,] 0.4323432 0.4910277 0.4785664 0.6787565 0.4177215 0.5474160 0.4782609 0.5203558 0.4960294
 [55,] 0.5375191 0.5084428 0.4925944 0.4387352 0.3996683 0.5639927 0.4512326 0.5264964 0.4941764
 [56,] 0.5456336 0.5338346 0.5365037 0.6152220 0.5335689 0.4725445 0.4738186 0.4767809 0.5077907
 [57,] 0.4915773 0.4341253 0.4333526 0.5262206 0.6024845 0.4142306 0.5219326 0.4990440 0.5345582
 [58,] 0.5059264 0.3962264 0.4441088 0.4432234 0.7026239 0.4870075 0.5177390 0.5325762 0.5360872
 [59,] 0.5164835 0.6882129 0.5401214 0.5390947 0.3569740 0.5666347 0.5476956 0.5168739 0.5015035
 [60,] 0.3958724 0.3980583 0.4876297 0.6196319 0.4922861 0.5139092 0.4996163 0.5058215 0.4886818
 [61,] 0.5181644 0.4426230 0.4316354 0.6048265 0.5865504 0.4541336 0.4638197 0.4758511 0.5186596
 [62,] 0.3460076 0.4990440 0.5634029 0.4922964 0.5334477 0.4762276 0.5066099 0.4819533 0.5548173
 [63,] 0.5251799 0.4653465 0.5258815 0.3949192 0.4622468 0.5346029 0.5379813 0.4875228 0.4111022
 [64,] 0.3616119 0.4495641 0.4260615 0.4933974 0.3865815 0.5294118 0.5466078 0.6159601 0.4643893
 [65,] 0.6294028 0.5192563 0.4419942 0.4793187 0.4104046 0.4943639 0.4364261 0.5137702 0.4951225
 [66,] 0.5055351 0.5142996 0.4920635 0.5198372 0.4431917 0.5334088 0.5391924 0.5697400 0.5010060
 [67,] 0.3633634 0.5031403 0.5136202 0.4138973 0.4201012 0.4892001 0.5267302 0.4757561 0.4699941
 [68,] 0.5616438 0.4858735 0.5482031 0.5458787 0.4995626 0.5726795 0.5267000 0.4656835 0.4820904
 [69,] 0.4297109 0.4903047 0.5208966 0.4776335 0.6236392 0.4664568 0.4678704 0.3715799 0.4938808
 [70,] 0.4642032 0.4510433 0.5159279 0.4026746 0.4693878 0.4386852 0.4524929 0.4604227 0.5232891
 [71,] 0.4993925 0.5063114 0.4812287 0.4140192 0.4866828 0.4868177 0.4805788 0.5101404 0.3669609
 [72,] 0.4953898 0.4589502 0.4627126 0.4732424 0.4470990 0.4518578 0.5438081 0.4725445 0.4564339
 [73,] 0.5638921 0.5703002 0.4997528 0.4580216 0.4092431 0.4775374 0.4016028 0.4392114 0.5679374
 [74,] 0.4661355 0.4769463 0.4964078 0.5041938 0.5166094 0.5146649 0.5834267 0.5105806 0.4971547
 [75,] 0.4990792 0.5043562 0.4855938 0.4755134 0.4674923 0.4767576 0.4888653 0.3808393 0.5627360
 [76,] 0.4924078 0.4882387 0.5117599 0.4686347 0.5694051 0.4898247 0.4432824 0.4413965 0.4855693
 [77,] 0.4991424 0.5347857 0.4823612 0.4762457 0.5531136 0.6011617 0.5044748 0.5601458 0.4886301
 [78,] 0.5071090 0.5018259 0.5176651 0.4439179 0.3256351 0.5145823 0.4907782 0.4944238 0.4547043
 [79,] 0.6132316 0.4914506 0.5624659 0.4668609 0.5313531 0.4918161 0.4961619 0.4778373 0.4552333
 [80,] 0.4693878 0.5312697 0.5141933 0.3477884 0.6152220 0.4824528 0.4842671 0.5386119 0.5010941
 [81,] 0.5071090 0.5723772 0.5021675 0.4161491 0.5750422 0.4635879 0.5636723 0.4739179 0.5265784
 [82,] 0.3408578 0.5735736 0.5452234 0.5623870 0.4458259 0.5380321 0.5581788 0.4645140 0.5093980
 [83,] 0.5373009 0.5127479 0.5069526 0.4521576 0.5537190 0.4617814 0.5325877 0.5197204 0.4565474
 [84,] 0.4502104 0.4865900 0.5256962 0.4804540 0.5130279 0.5055070 0.5286860 0.4673367 0.4875445
 [85,] 0.5070737 0.5137702 0.4557682 0.4370140 0.4606391 0.4802965 0.4945173 0.5189630 0.4662783
 [86,] 0.4452871 0.4478996 0.5389173 0.5118306 0.5086836 0.4910560 0.4568459 0.5352815 0.4840623
 [87,] 0.5517970 0.4744157 0.5120084 0.5255570 0.4530707 0.4519573 0.4874290 0.4560907 0.4846326
 [88,] 0.4939759 0.5198702 0.4772830 0.2862191 0.4612701 0.4952767 0.5306334 0.4524929 0.4611954
 [89,] 0.4125270 0.4904178 0.4415187 0.5680751 0.4992679 0.5467350 0.4331669 0.4682484 0.5040203
 [90,] 0.5990621 0.5275081 0.4592569 0.5648755 0.5081374 0.5211268 0.4996041 0.4989648 0.5312831
 [91,] 0.4177215 0.4900542 0.5406264 0.4834835 0.4958740 0.4629405 0.5262594 0.4360348 0.5037066
 [92,] 0.4121274 0.4713076 0.4354954 0.5427952 0.4681182 0.4992888 0.4389751 0.5987749 0.4896763
 [93,] 0.5419630 0.4928849 0.5464621 0.5035914 0.3986928 0.4734077 0.4805569 0.4575569 0.5420668
 [94,] 0.4522560 0.5705813 0.4620174 0.4580216 0.4984520 0.4759867 0.5058534 0.4707574 0.5063250
 [95,] 0.5077678 0.6279926 0.4738186 0.4769688 0.5338346 0.4797402 0.4938410 0.5317780 0.4932632
 [96,] 0.5241856 0.4611697 0.4947050 0.4380454 0.4515366 0.5063792 0.4524929 0.5145995 0.5551858
 [97,] 0.5497835 0.5338346 0.4992224 0.5323383 0.6193029 0.4654919 0.5364728 0.4664247 0.4698573
 [98,] 0.4772979 0.6762226 0.5732010 0.4496510 0.4996385 0.4974920 0.4865293 0.4855812 0.4977938
 [99,] 0.6423841 0.4885305 0.4162521 0.5372849 0.5468645 0.4782609 0.4650035 0.5102619 0.4995296
[100,] 0.4472511 0.4724932 0.4519573 0.5173390 0.4232122 0.4746467 0.4669556 0.4849952 0.5052648

, , 2

            [,1]        [,2]      [,3]      [,4]      [,5]      [,6]      [,7]      [,8]      [,9]
  [1,] 0.3021321 0.310074139 0.2938522 0.3018057 0.3079848 0.3240869 0.3012007 0.2933979 0.3052495
  [2,] 0.3207784 0.310790040 0.3236152 0.2851333 0.3226837 0.2098765 0.2759807 0.3517852 0.3069202
  [3,] 0.2709633 0.325594893 0.2432432 0.2920025 0.3903577 0.4063527 0.3396108 0.3035874 0.3556028
  [4,] 0.3575014 0.270211216 0.2470893 0.3404030 0.1674208 0.2711940 0.3268752 0.2655416 0.2808555
  [5,] 0.2955924 0.316162267 0.3453888 0.3229491 0.3002481 0.2967274 0.2994924 0.3165407 0.3253397
  [6,] 0.3265410 0.294618660 0.3333333 0.3207902 0.5483871 0.3227244 0.2181425 0.2911392 0.2845224
  [7,] 0.3250104 0.240857503 0.2887189 0.3278956 0.3333333 0.3412210 0.3881897 0.3170170 0.2955686
  [8,] 0.3909149 0.271500843 0.2950192 0.3716475 0.3554084 0.2931554 0.3333333 0.2906650 0.2995056
  [9,] 0.3333333 0.304473304 0.2900433 0.3305853 0.2988357 0.2915203 0.2833277 0.2607920 0.3024373
 [10,] 0.3163784 0.317535545 0.2959327 0.3347090 0.3125778 0.3205619 0.3048027 0.3004521 0.2277526
 [11,] 0.3411489 0.265306122 0.2375979 0.2532348 0.2866707 0.3310392 0.2751092 0.3354390 0.3383973

 [ reached 'max' / getOption("max.print") -- omitted 1 slice ] 

$xi
           [,1]     [,2]     [,3]     [,4]     [,5]     [,6]     [,7]      [,8]     [,9]
  [1,] 487.2397 567.8872 621.6246 304.0901 351.0606 347.8672 1133.372  969.8883 1141.017
  [2,] 485.8001 570.7317 654.3691 294.2305 358.6463 357.8773 1079.051 1022.5773 1127.657
  [3,] 495.8402 566.1832 650.6895 302.6546 343.3583 347.1045 1054.387  984.5755 1132.525
  [4,] 491.4774 549.1358 646.2548 315.9778 358.0700 347.1442 1076.695 1019.5211 1141.911
  [5,] 501.0887 579.8635 637.0921 316.4925 345.3871 353.1805 1083.400 1001.9222 1089.960
  [6,] 490.0388 545.7350 632.3070 305.8819 343.1716 351.2089 1059.432 1024.1062 1058.042
  [7,] 497.1542 561.7853 640.8078 311.9370 352.4578 354.6659 1116.745  989.6399 1136.700
  [8,] 514.4083 562.6031 610.3451 310.5712 356.0246 369.5248 1093.404 1015.1514 1125.163
  [9,] 500.7590 557.0700 634.0890 304.3768 363.2944 350.9770 1097.594 1024.3247 1118.645
 [10,] 490.5319 560.0191 636.6418 303.4847 344.1638 351.0789 1102.525  968.0383 1088.825
 [11,] 503.4380 547.0052 637.7072 303.0410 354.9656 356.1536 1131.733  985.7177 1107.213
 [12,] 507.9339 565.6359 621.6126 317.2661 353.6505 353.4688 1094.313  992.2402 1145.825
 [13,] 505.1148 562.2818 665.1333 295.6578 355.4622 347.5433 1058.539  976.5340 1089.965
 [14,] 488.5205 549.5105 632.4630 306.4955 342.4828 348.6926 1108.187  993.1114 1117.511
 [15,] 500.7348 527.5552 629.8875 308.6753 353.9417 354.3767 1073.415  974.3494 1100.341
 [16,] 481.1063 541.3950 639.7955 305.0962 345.6122 342.7316 1067.008 1013.2717 1100.286
 [17,] 489.7425 546.8567 640.2606 291.4825 346.3654 350.5968 1108.421 1007.0076 1100.496
 [18,] 475.2374 543.7019 636.1734 302.7391 350.7620 356.6879 1111.037  996.4251 1131.690
 [19,] 494.6373 558.2075 638.1352 311.1299 356.3686 349.1115 1063.913  983.4110 1095.238
 [20,] 508.7547 559.1473 616.4788 313.3716 340.7938 363.6447 1077.231  990.5058 1088.148
 [21,] 494.7056 578.1148 648.3091 319.7403 348.2024 339.6360 1089.480  985.8583 1140.920
 [22,] 525.0526 556.8115 650.5582 301.9540 352.3076 349.6656 1081.279 1011.3715 1155.775
 [23,] 494.3751 547.0934 661.0697 310.1896 345.7061 355.4995 1061.034 1006.4717 1129.648
 [24,] 496.6124 539.4961 634.2990 315.4377 355.8573 371.1720 1073.827 1018.9884 1119.246
 [25,] 481.8182 572.1975 624.9894 301.6843 347.6511 349.2734 1094.326 1028.1683 1134.829
 [26,] 485.5504 547.0813 646.9788 299.2997 347.4291 357.3712 1107.318 1032.8468 1120.732
 [27,] 484.8593 561.4009 631.0187 309.7766 356.1010 349.1174 1075.675  977.9614 1125.478
 [28,] 502.2595 566.7235 650.8996 314.1142 347.6503 359.6910 1054.281 1024.5925 1146.736
 [29,] 504.9367 556.0246 654.5030 301.4102 348.7639 361.0497 1071.222  991.6955 1121.091
 [30,] 474.9032 587.3753 624.2527 307.9400 339.6372 356.5204 1113.921  994.4095 1140.851
 [31,] 486.1547 566.9037 647.3920 317.2321 353.5495 358.2841 1097.041  982.1761 1105.144
 [32,] 499.9698 546.6092 654.8297 303.5569 335.1922 344.3558 1090.494  990.1582 1087.965
 [33,] 503.2452 573.5506 659.1105 314.1697 357.2401 358.4156 1072.505  975.6178 1104.831
 [34,] 487.2168 554.9309 633.5892 301.9756 332.9218 357.6208 1094.040 1018.5022 1094.578
 [35,] 476.2008 540.5061 632.7477 306.2278 341.1956 355.5604 1050.170  995.9455 1137.666
 [36,] 497.0940 552.2646 633.1177 322.0384 348.8538 346.4080 1115.437 1005.8270 1094.734
 [37,] 501.7333 568.1110 643.5181 310.5685 339.1260 340.6478 1077.288  987.8801 1117.858
 [38,] 489.7993 553.1251 642.2304 318.3449 346.0244 353.8170 1090.211 1045.5413 1122.735
 [39,] 489.0062 550.8389 645.7997 310.1816 358.9221 358.3641 1111.945  996.7943 1098.359
 [40,] 504.8580 565.9176 660.2334 306.2121 345.1146 360.1930 1093.770  994.5365 1126.226
 [41,] 499.2610 544.3217 643.5885 322.8817 359.5365 347.8352 1089.125 1038.3603 1109.657
 [42,] 499.8572 557.7143 660.9819 315.7553 351.0902 361.2212 1122.277  980.5546 1074.488
 [43,] 506.9242 560.2605 643.8751 303.9072 356.8591 355.7256 1070.863  984.0535 1127.807
 [44,] 504.6427 572.0631 648.3934 305.7332 354.3778 354.1842 1055.012  999.6331 1146.370
 [45,] 490.2895 549.8297 626.3214 304.6525 365.9396 362.4380 1100.428 1010.9830 1101.415
 [46,] 498.1406 578.7377 635.4284 305.9188 348.8659 357.7948 1062.873  981.2771 1131.424
 [47,] 494.8270 564.4572 623.8240 303.2341 357.2904 347.7609 1066.849  990.8631 1112.161
 [48,] 506.5870 558.6117 645.8406 304.5821 350.6466 338.4359 1037.039  987.9395 1151.913
 [49,] 496.8719 558.2700 614.2336 309.7114 343.0824 356.3105 1126.833 1003.4420 1120.178
 [50,] 499.3246 564.7391 642.2911 304.0663 354.0730 354.5021 1072.658 1001.1134 1098.974
 [51,] 487.3999 556.6680 623.3466 303.8571 344.6682 344.3862 1122.734 1037.3761 1104.886
 [52,] 496.4614 543.9664 638.1774 308.8706 363.7192 354.5408 1123.823  953.3703 1141.769
 [53,] 491.0959 542.3459 642.8251 303.0609 359.4770 354.6164 1076.058 1007.5574 1110.777
 [54,] 491.3834 578.6976 634.9514 314.6353 356.9531 357.1707 1085.071 1002.3743 1144.056
 [55,] 502.1781 554.5616 641.9116 305.4959 346.8212 357.7479 1082.282 1016.0574 1107.240
 [56,] 491.9665 553.5104 632.7957 319.4616 342.3096 354.0712 1083.148 1033.9789 1168.752
 [57,] 487.9339 552.5135 646.2866 298.1296 333.2840 362.9111 1092.347 1021.2236 1102.214
 [58,] 485.9661 552.4995 646.2299 312.0626 344.8825 349.2282 1089.114  989.9835 1108.311
 [59,] 479.0520 560.0652 628.1661 306.7682 354.3749 356.1320 1081.909  999.5918 1118.465
 [60,] 512.8823 568.0712 635.5608 296.3960 349.8727 348.7009 1067.015  976.6363 1130.688
 [61,] 485.1752 550.5748 640.8345 308.2337 356.1589 359.1679 1090.489 1001.2771 1140.590
 [62,] 510.8695 565.6509 614.2872 315.5322 354.6225 347.6175 1107.730  974.2436 1147.472
 [63,] 510.6017 553.8562 638.9654 308.4579 351.2258 348.7517 1069.968 1001.7096 1161.679
 [64,] 486.1750 568.7215 654.9815 312.5722 352.8344 356.7509 1085.278  961.4492 1102.354
 [65,] 500.4984 552.9373 638.8581 306.9687 358.7288 348.4676 1095.430  961.0395 1135.981
 [66,] 481.5504 548.0470 619.9392 311.6362 346.3730 363.6023 1054.431 1019.5621 1084.011
 [67,] 486.1288 559.9021 640.7438 330.1611 347.7729 358.9072 1134.369  989.5174 1133.415
 [68,] 508.0406 560.2332 621.4547 299.8748 335.5950 362.3661 1098.481  993.8916 1099.735
 [69,] 488.9867 565.5769 675.6824 303.4256 341.9241 339.3624 1080.162  986.0224 1119.378
 [70,] 490.3469 573.7975 630.1062 313.3941 361.5172 358.2054 1082.381 1035.7753 1153.391
 [71,] 491.2736 555.2376 646.0197 312.2439 347.4602 351.5510 1086.088  963.2219 1114.926
 [72,] 487.4602 560.3971 643.3102 301.7283 355.9837 352.6490 1103.927  990.0894 1120.301
 [73,] 479.6124 574.1805 634.8102 302.6780 348.0756 351.3821 1128.324 1011.7861 1083.833
 [74,] 491.3940 556.8511 625.4373 310.3287 353.2597 347.8811 1089.690  994.8514 1128.301
 [75,] 491.5008 546.0737 651.5085 307.0541 351.2915 361.4379 1083.885  998.4031 1132.543
 [76,] 491.8376 554.6738 640.7345 297.8816 334.1148 348.5822 1109.044 1016.2731 1135.449
 [77,] 498.1180 549.7369 630.4711 308.6792 352.9399 364.4620 1044.707 1011.1622 1135.012
 [78,] 497.8394 559.1476 614.4356 308.3697 342.7234 353.2042 1111.691  968.4464 1156.982
 [79,] 488.4136 574.6736 633.7000 300.6521 346.6693 352.3219 1093.171 1025.2381 1102.700
 [80,] 512.5580 577.1564 620.4667 317.8225 354.1651 351.4014 1104.460  983.1038 1138.342
 [81,] 485.2631 556.4851 639.7694 298.9218 341.6430 353.4066 1103.410 1001.6042 1133.086
 [82,] 502.2877 557.8336 648.7614 298.0087 348.9323 357.7534 1088.337 1020.1200 1133.966
 [83,] 502.1145 575.3451 627.1199 318.3692 347.8194 351.8191 1139.113  984.3193 1120.584
 [84,] 490.0850 578.3623 640.5082 311.0543 343.7809 361.7175 1079.160  987.8789 1113.919
 [85,] 496.9273 554.1997 613.3808 306.0287 364.2772 349.3007 1091.701  974.1982 1130.412
 [86,] 497.5167 574.5626 654.9974 322.6271 353.9984 358.5643 1114.644 1001.1818 1112.191
 [87,] 492.1821 554.2427 628.9633 303.6782 344.4904 363.4263 1086.788 1004.1819 1139.273
 [88,] 492.5935 558.6529 629.8454 319.6706 349.5110 350.2476 1076.457 1000.3605 1114.954
 [89,] 491.5909 574.3488 650.4235 299.6406 361.3684 338.6289 1084.039 1036.6195 1113.438
 [90,] 486.8337 568.2644 635.1776 302.6149 351.8654 341.2427 1064.845  990.3980 1122.697
 [91,] 492.0566 557.6743 631.1268 293.6915 341.2862 359.4645 1075.792 1002.5581 1108.331
 [92,] 489.8698 557.5340 648.8714 311.1536 358.3843 346.7849 1068.067  985.4805 1115.364
 [93,] 483.0566 563.9499 636.0810 321.2258 342.9917 352.1402 1095.627  983.9932 1164.990
 [94,] 498.9632 546.9627 634.0970 302.1135 357.7720 343.4324 1091.543  985.4032 1080.652
 [95,] 477.2854 561.8022 638.9168 307.7276 339.7560 354.5110 1094.503  979.5404 1106.731
 [96,] 496.1891 566.0682 618.9834 306.2923 357.5626 360.4121 1088.751 1003.0970 1160.765
 [97,] 498.5809 552.3440 641.3245 306.2852 344.7502 359.1283 1111.916  987.3249 1163.928
 [98,] 494.0756 573.4763 654.9903 303.7601 362.6109 345.5413 1118.516  971.4353 1149.609
 [99,] 480.9759 564.7766 642.7482 308.4478 356.7734 347.5544 1081.033 1007.0442 1122.888
[100,] 496.8478 548.4200 614.5930 318.4373 356.0658 348.5765 1084.485 1006.8623 1098.456

